  -1.0000000000000000        9.0909090909090912E-002   4.4035917361597032E-007   1.0000000000000000        2.5000000000000000     
 -0.98657718120805371        9.3167597601252247E-002  0.16787782920109473       0.94666906896085756        2.4200036034412866     
 -0.97315436241610742        9.5508300674120569E-002  0.33099013412047595       0.89405882617900123        2.3410882392685015     
 -0.95973154362416102        9.7935074616989665E-002  0.48470753696063568       0.84216927165442979        2.2632539074816447     
 -0.94630872483221473       0.10045201370067555       0.62466688668266368       0.79100040538714467        2.1865006080807170     
 -0.93288590604026844       0.10306344615641726       0.74689554407420478       0.74055222737714499        2.1108283410657176     
 -0.91946308724832215       0.10577394933560752       0.84792414207838351       0.69082473762443108        2.0362371064366469     
 -0.90604026845637586       0.10858836591652767       0.92488506112710434       0.64181793612900306        1.9627269041935049     
 -0.89261744966442957       0.11151182122747889       0.97559382433161934       0.59353182289086082        1.8902977343362912     
 -0.87919463087248317       0.11454974175872372       0.99861110219006632       0.54596639791000390        1.8189495968650058     
 -0.86577181208053688       0.11770787493836520       0.99328356685572539       0.49912166118643297        1.7486824917796495     
 -0.85234899328859060       0.12099231024954904       0.95976243634880365       0.45299761272014777        1.6794964190802215     
 -0.83892617449664431       0.12440950176799233       0.89899918234846166       0.40759425251114834        1.6113913787667222     
 -0.82550335570469802       0.12796629219959535       0.81271852339613115       0.36291158055943423        1.5443673708391517     
 -0.81208053691275173       0.13166993849748829       0.70336947007740491       0.31894959686500646        1.4784243952975096     
 -0.79865771812080533       0.13552813913595546       0.57405581172761921       0.27570830142786340        1.4135624521417951     
 -0.78523489932885904       0.13954906311482110       0.42844801774288327       0.23318769424800645        1.3497815413720102     
 -0.77181208053691275       0.14374138076153603       0.27067905411051529       0.19138777532543585        1.2870816629881536     
 -0.75838926174496646       0.14811429638870913       0.10522707232710062       0.15030854466015017        1.2254628169902257     
 -0.74496644295302017       0.15267758285136612       -6.3211699510414568E-002  0.10995000225215108        1.1649250033782264     
 -0.73154362416107388       0.15744161802979909      -0.22985625555131795        7.0312148101436892E-002   1.1054682221521557     
 -0.71812080536912748       0.16241742323927691      -0.38997651738949768        3.1394982208008577E-002   1.0470924733120126     
 -0.70469798657718119       0.16761670353564717      -0.53902759372519427       -6.8014954281338247E-003  0.98979775685779914     
 -0.69127516778523490       0.17305188984418238      -0.67277878363223942       -4.4277284806990592E-002  0.93358407278951416     
 -0.67785234899328861       0.17873618278574360      -0.78743366177156593       -8.1032385928561726E-002  0.87845142110715746     
 -0.66442953020134232       0.18468359800683795      -0.87973783702397446      -0.11706679879284694       0.82439980181072947     
 -0.65100671140939592       0.19090901273529337      -0.94707132589568521      -0.15238052339984656       0.77142921490022953     
 -0.63758389261744963       0.19742821317729500      -0.98752291874812825      -0.18697355974956073       0.71953966037565875     
 -0.62416107382550334       0.20425794223992791      -0.99994442802336647      -0.22084590784198957       0.66873113823701624     
 -0.61073825503355705       0.21141594690080087      -0.98398327867070512      -0.25399756767713183       0.61900364848430267     
 -0.59731543624161076       0.21892102434647129      -0.94009251572013719      -0.28642853925498885       0.57035719111751715     
 -0.58389261744966447       0.22679306575681113      -0.86951794494529644      -0.31813882257555920       0.52279176613666078     
 -0.57046979865771807       0.23505309631449114      -0.77426277161837176      -0.34912841763884478       0.47630737354173225     
 -0.55704697986577179       0.24372330965737560      -0.65703074105891446      -0.37939732444484459       0.43090401333273265     
 -0.54362416107382550       0.25282709455535185      -0.52114939488861534      -0.40894554299355862       0.38658168550966165     
 -0.53020134228187921       0.26238905106900995      -0.37047562130462569      -0.43777307328498727       0.34334039007251926     
 -0.51677852348993292       0.27243499282129313      -0.20928618025476106      -0.46587991531912948       0.30118012702130548     
 -0.50335570469798663       0.28299193126919986       -4.2156310873844111E-002 -0.49326606909598658       0.26010089635602018     
 -0.48993288590604028       0.29408803698454117       0.12617013318363762      -0.51993153461555808       0.22010269807666327     
 -0.47651006711409394       0.30575257192436406       0.29091533440518830      -0.54587631187784347       0.18118553218323485     
 -0.46308724832214765       0.31801578547793330       0.44740312612012623      -0.57110040088284297       0.14334939867573537     
 -0.44966442953020136       0.33090876570627953       0.59119172191792280      -0.59560380163055726       0.10659429755416427     
 -0.43624161073825501       0.34446323563637488       0.71819979236192044      -0.61938651412098578        7.0920228818521669E-002
 -0.42281879194630873       0.35871128273900893       0.82482231040723908      -0.64244853835412796        3.6327192468807779E-002
 -0.40939597315436244       0.37368500782683334       0.90803287733919380      -0.66478987432998504        2.8151885050223813E-003
 -0.39597315436241609       0.38941607759905988       0.96546962478862641      -0.68641052204855657       -2.9615783072834578E-002
 -0.38255033557046980       0.40593516300671040       0.99550225456108954      -0.70731048150984188       -6.0965722264762823E-002
 -0.36912751677852351       0.42327124363691820       0.99727831340554141      -0.72748975271384186       -9.1234629070762518E-002
 -0.35570469798657717       0.44145075659660771       0.97074738924859827      -0.74694833566055596      -0.12042250349083378     
 -0.34228187919463088       0.46049656717346665       0.91666254210272291      -0.76568623034998429      -0.14852934552497637     
 -0.32885906040268459       0.48042673822250115       0.83655892903311135      -0.78370343678212695      -0.17555515517319037     
 -0.31543624161073824       0.50125307624573845       0.73271022989726309      -0.80099995495698384      -0.20149993243547593     
 -0.30201342281879195       0.52297943511342493       0.60806411067932864      -0.81757578487455518      -0.22636367731183277     
 -0.28859060402684567       0.54559976407559407       0.46615855624317437      -0.83343092653484085      -0.25014638980226112     
 -0.27516778523489932       0.56909589602932509       0.31102144733505904      -0.84856537993784076      -0.27284806990676091     
 -0.26174496644295303       0.59343508593729122       0.14705623226596903      -0.86297914508355478      -0.29446871762533217     
 -0.24832214765100671       0.61856732885681642       -2.1083061604441167E-002 -0.87667222197198325      -0.31500833295797487     
 -0.23489932885906040       0.64442251313459697      -0.18862392887875273      -0.88964461060312605      -0.33446691590468902     
 -0.22147651006711411       0.67090749750687495      -0.35081085004127677      -0.90189631097698308      -0.35284446646547452     
 -0.20805369127516779       0.69790324101725820      -0.50304027324627287      -0.91342732309355446      -0.37014098464033152     
 -0.19463087248322147       0.72526216066120019      -0.64099128261995442      -0.92423764695284005      -0.38635647042925997     
 -0.18120805369127516       0.75280594079549690      -0.76074824415637288      -0.93432728255483977      -0.40149092383225982     
 -0.16778523489932887       0.78032406593792836      -0.85891194799711457      -0.94369622989955404      -0.41554434484933112     
 -0.15436241610738255       0.80757338765414144      -0.93269609240612295      -0.95234448898698254      -0.42851673348047387     
 -0.14093959731543623       0.83427905753259934      -0.98000637081572961      -0.96027205981712538      -0.44040808972568807     
 -0.12751677852348994       0.86013715082716669      -0.99949991711851982      -0.96747894238998244      -0.45121841358497367     
 -0.11409395973154363       0.88481925790123961      -0.99062342189583619      -0.97396513670555374      -0.46094770505833071     
 -0.10067114093959731       0.90797922375362972      -0.95362883768289686      -0.97973064276383948      -0.46959596414575921     
  -8.7248322147651006E-002  0.92926206521284160      -0.88956622748857561      -0.98477546056483933      -0.47716319084725911     
  -7.3825503355704702E-002  0.94831489470761610      -0.80025395955914791      -0.98909959010855364      -0.48364938516283051     
  -6.0402684563758392E-002  0.96479944374429616      -0.68822709438486052      -0.99270303139498228      -0.48905454709247331     
  -4.6979865771812082E-002  0.97840553523423379      -0.55666542894471238      -0.99558578442412504      -0.49337867663618756     
  -3.3557046979865772E-002  0.98886463854616735      -0.40930324059858331      -0.99774784919598214      -0.49662177379397326     
  -2.0134228187919462E-002  0.99596249607464904      -0.25032329247737678      -0.99918922571055357      -0.49878383856583036     
  -6.7114093959731542E-003  0.99954977263518086       -8.4238108947196924E-002 -0.99990991396783924      -0.49986487095175891     
   6.7114093959731542E-003  0.99954977263518086        8.4238108947196924E-002 -0.99990991396783924      -0.49986487095175891     
   2.0134228187919462E-002  0.99596249607464904       0.25032329247737678      -0.99918922571055357      -0.49878383856583036     
   3.3557046979865772E-002  0.98886463854616735       0.40930324059858331      -0.99774784919598214      -0.49662177379397326     
   4.6979865771812082E-002  0.97840553523423379       0.55666542894471238      -0.99558578442412504      -0.49337867663618756     
   6.0402684563758392E-002  0.96479944374429616       0.68822709438486052      -0.99270303139498217      -0.48905454709247331     
   7.3825503355704702E-002  0.94831489470761610       0.80025395955914791      -0.98909959010855364      -0.48364938516283051     
   8.7248322147651006E-002  0.92926206521284160       0.88956622748857561      -0.98477546056483944      -0.47716319084725911     
  0.10067114093959731       0.90797922375362972       0.95362883768289686      -0.97973064276383948      -0.46959596414575921     
  0.11409395973154363       0.88481925790123961       0.99062342189583619      -0.97396513670555385      -0.46094770505833071     
  0.12751677852348994       0.86013715082716669       0.99949991711851982      -0.96747894238998233      -0.45121841358497367     
  0.14093959731543623       0.83427905753259934       0.98000637081572961      -0.96027205981712538      -0.44040808972568807     
  0.15436241610738255       0.80757338765414144       0.93269609240612295      -0.95234448898698265      -0.42851673348047387     
  0.16778523489932887       0.78032406593792836       0.85891194799711457      -0.94369622989955415      -0.41554434484933112     
  0.18120805369127516       0.75280594079549690       0.76074824415637288      -0.93432728255483988      -0.40149092383225982     
  0.19463087248322147       0.72526216066120019       0.64099128261995442      -0.92423764695283994      -0.38635647042925997     
  0.20805369127516779       0.69790324101725820       0.50304027324627287      -0.91342732309355434      -0.37014098464033152     
  0.22147651006711411       0.67090749750687495       0.35081085004127677      -0.90189631097698297      -0.35284446646547452     
  0.23489932885906040       0.64442251313459697       0.18862392887875273      -0.88964461060312594      -0.33446691590468902     
  0.24832214765100671       0.61856732885681642        2.1083061604441167E-002 -0.87667222197198313      -0.31500833295797487     
  0.26174496644295303       0.59343508593729122      -0.14705623226596903      -0.86297914508355489      -0.29446871762533217     
  0.27516778523489932       0.56909589602932509      -0.31102144733505904      -0.84856537993784065      -0.27284806990676091     
  0.28859060402684567       0.54559976407559407      -0.46615855624317437      -0.83343092653484074      -0.25014638980226112     
  0.30201342281879195       0.52297943511342493      -0.60806411067932864      -0.81757578487455529      -0.22636367731183277     
  0.31543624161073824       0.50125307624573845      -0.73271022989726309      -0.80099995495698395      -0.20149993243547593     
  0.32885906040268459       0.48042673822250115      -0.83655892903311135      -0.78370343678212684      -0.17555515517319037     
  0.34228187919463088       0.46049656717346665      -0.91666254210272291      -0.76568623034998406      -0.14852934552497637     
  0.35570469798657717       0.44145075659660771      -0.97074738924859827      -0.74694833566055574      -0.12042250349083378     
  0.36912751677852351       0.42327124363691820      -0.99727831340554141      -0.72748975271384164       -9.1234629070762518E-002
  0.38255033557046980       0.40593516300671040      -0.99550225456108954      -0.70731048150984199       -6.0965722264762823E-002
  0.39597315436241609       0.38941607759905988      -0.96546962478862641      -0.68641052204855635       -2.9615783072834578E-002
  0.40939597315436244       0.37368500782683334      -0.90803287733919380      -0.66478987432998515        2.8151885050223813E-003
  0.42281879194630873       0.35871128273900893      -0.82482231040723908      -0.64244853835412807        3.6327192468807779E-002
  0.43624161073825501       0.34446323563637488      -0.71819979236192044      -0.61938651412098555        7.0920228818521669E-002
  0.44966442953020136       0.33090876570627953      -0.59119172191792280      -0.59560380163055704       0.10659429755416427     
  0.46308724832214765       0.31801578547793330      -0.44740312612012623      -0.57110040088284320       0.14334939867573537     
  0.47651006711409394       0.30575257192436406      -0.29091533440518830      -0.54587631187784325       0.18118553218323485     
  0.48993288590604028       0.29408803698454117      -0.12617013318363762      -0.51993153461555786       0.22010269807666327     
  0.50335570469798663       0.28299193126919986        4.2156310873844111E-002 -0.49326606909598675       0.26010089635602018     
  0.51677852348993292       0.27243499282129313       0.20928618025476106      -0.46587991531912964       0.30118012702130548     
  0.53020134228187921       0.26238905106900995       0.37047562130462569      -0.43777307328498705       0.34334039007251926     
  0.54362416107382550       0.25282709455535185       0.52114939488861534      -0.40894554299355879       0.38658168550966165     
  0.55704697986577179       0.24372330965737560       0.65703074105891446      -0.37939732444484497       0.43090401333273265     
  0.57046979865771807       0.23505309631449114       0.77426277161837176      -0.34912841763884517       0.47630737354173225     
  0.58389261744966447       0.22679306575681113       0.86951794494529644      -0.31813882257555959       0.52279176613666078     
  0.59731543624161076       0.21892102434647129       0.94009251572013719      -0.28642853925498840       0.57035719111751715     
  0.61073825503355705       0.21141594690080087       0.98398327867070512      -0.25399756767713161       0.61900364848430267     
  0.62416107382550334       0.20425794223992791       0.99994442802336647      -0.22084590784198910       0.66873113823701624     
  0.63758389261744963       0.19742821317729500       0.98752291874812825      -0.18697355974956092       0.71953966037565875     
  0.65100671140939592       0.19090901273529337       0.94707132589568521      -0.15238052339984698       0.77142921490022953     
  0.66442953020134232       0.18468359800683795       0.87973783702397446      -0.11706679879284713       0.82439980181072947     
  0.67785234899328861       0.17873618278574360       0.78743366177156593       -8.1032385928561698E-002  0.87845142110715746     
  0.69127516778523490       0.17305188984418238       0.67277878363223942       -4.4277284806990572E-002  0.93358407278951416     
  0.70469798657718119       0.16761670353564717       0.53902759372519427       -6.8014954281340233E-003  0.98979775685779914     
  0.71812080536912748       0.16241742323927691       0.38997651738949768        3.1394982208008598E-002   1.0470924733120126     
  0.73154362416107388       0.15744161802979909       0.22985625555131795        7.0312148101437127E-002   1.1054682221521557     
  0.74496644295302017       0.15267758285136612        6.3211699510414568E-002  0.10995000225215089        1.1649250033782264     
  0.75838926174496646       0.14811429638870913      -0.10522707232710062       0.15030854466015042        1.2254628169902257     
  0.77181208053691275       0.14374138076153603      -0.27067905411051529       0.19138777532543588        1.2870816629881536     
  0.78523489932885904       0.13954906311482110      -0.42844801774288327       0.23318769424800670        1.3497815413720102     
  0.79865771812080533       0.13552813913595546      -0.57405581172761921       0.27570830142786340        1.4135624521417951     
  0.81208053691275173       0.13166993849748829      -0.70336947007740491       0.31894959686500629        1.4784243952975096     
  0.82550335570469802       0.12796629219959535      -0.81271852339613115       0.36291158055943445        1.5443673708391517     
  0.83892617449664431       0.12440950176799233      -0.89899918234846166       0.40759425251114817        1.6113913787667222     
  0.85234899328859060       0.12099231024954904      -0.95976243634880365       0.45299761272014777        1.6794964190802215     
  0.86577181208053688       0.11770787493836520      -0.99328356685572539       0.49912166118643303        1.7486824917796495     
  0.87919463087248317       0.11454974175872372      -0.99861110219006632       0.54596639791000390        1.8189495968650058     
  0.89261744966442957       0.11151182122747889      -0.97559382433161934       0.59353182289086093        1.8902977343362912     
  0.90604026845637586       0.10858836591652767      -0.92488506112710434       0.64181793612900329        1.9627269041935049     
  0.91946308724832215       0.10577394933560752      -0.84792414207838351       0.69082473762443131        2.0362371064366469     
  0.93288590604026844       0.10306344615641726      -0.74689554407420478       0.74055222737714510        2.1108283410657176     
  0.94630872483221473       0.10045201370067555      -0.62466688668266368       0.79100040538714467        2.1865006080807170     
  0.95973154362416102        9.7935074616989665E-002 -0.48470753696063568       0.84216927165442979        2.2632539074816447     
  0.97315436241610742        9.5508300674120569E-002 -0.33099013412047595       0.89405882617900112        2.3410882392685015     
  0.98657718120805371        9.3167597601252247E-002 -0.16787782920109473       0.94666906896085767        2.4200036034412866     
   1.0000000000000000        9.0909090909090912E-002  -4.4035917361597032E-007   1.0000000000000000        2.5000000000000000     
