   0.0000000000000000        1.0000000000000000        0.0000000000000000        0.0000000000000000     
   1.9531250000000000E-002   1.0000000000000000        0.0000000000000000        1.9073486328125000E-004
   3.9062500000000000E-002  0.99999992724042475       -7.4505804162234672E-006   7.6293945312500000E-004
   5.8593750000000000E-002  0.99999949068302085       -3.7252895575904765E-005   1.7166137695312500E-003
   7.8125000000000000E-002  0.99999810825178270       -1.0430804776459210E-004   3.0517578125000000E-003
   9.7656250000000000E-002  0.99999490683522529       -2.2351694411168664E-004   4.7683715820312500E-003
  0.11718750000000000       0.99998872229296987       -4.0977999084695601E-004   6.8664550781250000E-003
  0.13671875000000000       0.99997809947045424       -6.7799655987990518E-004   9.3460083007812500E-003
  0.15625000000000000       0.99996129222684871       -1.0430641626609581E-003   1.2207031250000000E-002
  0.17578125000000000       0.99993626348253162       -1.5198772662976066E-003   1.5449523925781250E-002
  0.19531250000000000       0.99990068529374476       -2.1233256869238526E-003   1.9073486328125000E-002
  0.21484375000000000       0.99985193896332070       -2.8682924953620853E-003   2.3078918457031250E-002
  0.23437500000000000       0.99978711519764163       -3.7696513701785403E-003   2.7465820312500000E-002
  0.25390625000000000       0.99970301432125575       -4.8422633333230613E-003   3.2234191894531250E-002
  0.27343750000000000       0.99959614656184115       -6.1009728036682549E-003   3.7384033203125000E-002
  0.29296875000000000       0.99946273241947103       -7.5606029039303928E-003   4.2915344238281250E-002
  0.31250000000000000       0.99929870313539015       -9.2359499566734664E-003   4.8828125000000000E-002
  0.33203125000000000       0.99909970127676639       -1.1141777105378399E-002   5.5122375488281250E-002
  0.35156250000000000       0.99886108145512809       -1.3292806996912212E-002   6.1798095703125000E-002
  0.37109375000000000       0.99857791119743822       -1.5703713462168211E-002   6.8855285644531250E-002
  0.39062500000000000       0.99824497198998374       -1.8389112132180419E-002   7.6293945312500000E-002
  0.41015625000000000       0.99785676051648031       -2.1363549927656371E-002   8.4114074707031250E-002
  0.42968750000000000       0.99740749011299434       -2.4641493360635966E-002   9.2315673828125000E-002
  0.44921875000000000       0.99689109246347440       -2.8237315587884861E-002  0.10089874267578125     
  0.46875000000000000       0.99630121956085371       -3.2165282156684315E-002  0.10986328125000000     
  0.48828125000000000       0.99563124595983110       -3.6439535384901356E-002  0.11920928955078125     
  0.50781250000000000       0.99487427134856110       -4.1074077318630636E-002  0.12893676757812500     
  0.52734375000000000       0.99402312346757526       -4.6082751212309675E-002  0.13904571533203125     
  0.54687500000000000       0.99307036140531468       -5.1479221478040439E-002  0.14953613281250000     
  0.56640625000000000       0.99200827930067570       -5.7276952052920986E-002  0.16040802001953125     
  0.58593750000000000       0.99082891048394728       -6.3489183135520710E-002  0.17166137695312500     
  0.60546875000000000       0.98952403208844730       -7.0128906245240666E-002  0.18329620361328125     
  0.62500000000000000       0.98808517016604247       -7.7208837561207361E-002  0.19531250000000000     
  0.64453125000000000       0.98650360534054982       -8.4741389500574013E-002  0.20771026611328125     
  0.66406250000000000       0.98477037903376896       -9.2738640499668984E-002  0.22048950195312500     
  0.68359375000000000       0.98287630029956974      -0.10121230296535731       0.23365020751953125     
  0.70312500000000000       0.98081195330205528      -0.11017368936828945       0.24719238281250000     
  0.72265625000000000       0.97856770547432947      -0.11963367645442220       0.26111602783203125     
  0.74218750000000000       0.97613371639480817      -0.12960266755633162       0.27542114257812500     
  0.76171875000000000       0.97349994741832102      -0.14009055299141659       0.29010772705078125     
  0.78125000000000000       0.97065617209944510      -0.15110666854013607       0.30517578125000000     
  0.80078125000000000       0.96759198744558139      -0.16265975200395111       0.32062530517578125     
  0.82031250000000000       0.96429682603722333      -0.17475789784967566       0.33645629882812500     
  0.83984375000000000       0.96075996905266381      -0.18740850995449404       0.35266876220703125     
  0.85937500000000000       0.95697056023402938      -0.20061825247399731       0.36926269531250000     
  0.87890625000000000       0.95291762083100995      -0.21439299886424007       0.38623809814453125     
  0.89843750000000000       0.94859006555795811      -0.22873777909803891       0.40359497070312500     
  0.91796875000000000       0.94397671959915153      -0.24365672512553710       0.42133331298828125     
  0.93750000000000000       0.93906633669593265      -0.25915301463945795       0.43945312500000000     
  0.95703125000000000       0.93384761834815611      -0.27522881321647097       0.45795440673828125     
  0.97656250000000000       0.92830923416086308      -0.29188521491770741       0.47683715820312500     
  0.99609375000000000       0.92243984336536466      -0.30912218144368975       0.49610137939453125     
   1.0156250000000000       0.91622811754192834      -0.32693847995178249       0.51574707031250000     
   1.0351562500000000       0.90966276456902107      -0.34533161965773179       0.53577423095703125     
   1.0546875000000000       0.90273255382155138      -0.36429778735692753       0.55618286132812500     
   1.0742187500000000       0.89542634263776089      -0.38383178201569057       0.57697296142578125     
   1.0937500000000000       0.88773310407133110      -0.40392694859814371       0.59814453125000000     
   1.1132812500000000       0.87964195594188610      -0.42457511131004838       0.61969757080078125     
   1.1328125000000000       0.87114219119336700      -0.44576650645736404       0.64163208007812500     
   1.1523437500000000       0.86222330956572968      -0.46748971513417764       0.66394805908203125     
   1.1718750000000000       0.85287505058105439      -0.48973159597203197       0.68664550781250000     
   1.1914062500000000       0.84308742784045065      -0.51247721820050995       0.70972442626953125     
   1.2109375000000000       0.83285076462308394      -0.53570979528716534       0.73318481445312500     
   1.2304687500000000       0.82215573077323156      -0.55941061944347503       0.75702667236328125     
   1.2500000000000000       0.81099338085549433      -0.58355899730237115       0.78125000000000000     
   1.2695312500000000       0.79935519355213336      -0.60813218709202044       0.80585479736328125     
   1.2890625000000000       0.78723311226997561      -0.63310533764978760       0.83084106445312500     
   1.3085937500000000       0.77461958691742072      -0.65845142963966641       0.85620880126953125     
   1.3281250000000000       0.76150761680480172      -0.68414121935579619       0.88195800781250000     
   1.3476562500000000       0.74789079461368768      -0.71014318551390998       0.90808868408203125     
   1.3671875000000000       0.73376335137268411      -0.73642347945157638       0.93460083007812500     
   1.3867187500000000       0.71912020236888130      -0.76294587917678491       0.96149444580078125     
   1.4062500000000000       0.70395699391533950      -0.78967174772266646       0.98876953125000000     
   1.4257812500000000       0.68827015088588250      -0.81655999628379883        1.0164260864257812     
   1.4453125000000000       0.67205692491902003      -0.84356705262648446        1.0444641113281250     
   1.4648437500000000       0.65531544318304424      -0.87064683528145470        1.0728836059570312     
   1.4843750000000000       0.63804475758426449      -0.89775073404248706        1.1016845703125000     
   1.5039062500000000       0.62024489428998519      -0.92482759730825903        1.1308670043945312     
   1.5234375000000000       0.60191690342721227      -0.95182372681721750        1.1604309082031250     
   1.5429687500000000       0.58306290880722622      -0.97868288033613837        1.1903762817382812     
   1.5625000000000000       0.56368615751511875       -1.0053462828721882        1.2207031250000000     
   1.5820312500000000       0.54379106919218678       -1.0317526469854736        1.2514114379882812     
   1.6015625000000000       0.52338328482775531       -1.0578382027840723        1.2825012207031250     
   1.6210937500000000       0.50246971486560688       -1.0835367381861529        1.3139724731445312     
   1.6406250000000000       0.48105858641877031       -1.1087796500338014        1.3458251953125000     
   1.6601562500000000       0.45915948937502865       -1.1334960066403303        1.3780593872070312     
   1.6796875000000000       0.43678342116419577       -1.1576126223469414        1.4106750488281250     
   1.6992187500000000       0.41394282994704884       -1.1810541446553846        1.4436721801757812     
   1.7187500000000000       0.39065165597485618       -1.2037431544904857        1.4770507812500000     
   1.7382812500000000       0.36692537085777865       -1.2256002801298402        1.5108108520507812     
   1.7578125000000000       0.34278101447012366       -1.2465443253173707        1.5449523925781250     
   1.7773437500000000       0.31823722921057646       -1.2664924120525671        1.5794754028320312     
   1.7968750000000000       0.29331429132620729       -1.2853601385178390        1.6143798828125000     
   1.8164062500000000       0.26803413900034839       -1.3030617525722865        1.6496658325195312     
   1.8359375000000000       0.24242039689644376       -1.3195103412011049        1.6853332519531250     
   1.8554687500000000       0.21649839684279765       -1.3346180362655766        1.7213821411132812     
   1.8750000000000000       0.19029519433688777       -1.3482962368489608        1.7578125000000000     
   1.8945312500000000       0.16383958054267297       -1.3604558484383913        1.7946243286132812     
   1.9140625000000000       0.13716208945022190       -1.3710075391219552        1.8318176269531250     
   1.9335937500000000       0.11029499986413493       -1.3798620129133077        1.8693923950195312     
   1.9531250000000000        8.3272331885739626E-002  -1.3869303002433486        1.9073486328125000     
   1.9726562500000000        5.6129837554030837E-002  -1.3921240655795504        1.9456863403320312     
   1.9921875000000000        2.8904985311919366E-002  -1.3953559320484028        1.9844055175781250     
   2.0117187500000000        1.6369379676687210E-003  -1.3965398228450947        2.0235061645507812     
   2.0312500000000000       -2.5633476173438939E-002  -1.3955913191169775        2.0629882812500000     
   2.0507812500000000       -5.2863799325039443E-002  -1.3924280339035910        2.1028518676757812     
   2.0703125000000000       -8.0009987691843476E-002  -1.3869700016061390        2.1430969238281250     
   2.0898437500000000      -0.10702646269521214       -1.3791400823434297        2.1837234497070312     
   2.1093750000000000      -0.13386617023561007       -1.3688643804295848        2.2247314453125000     
   2.1289062500000000      -0.16048064825922323       -1.3560726760815263        2.2661209106445312     
   2.1484375000000000      -0.18682010287731801       -1.3406988693316277        2.3078918457031250     
   2.1679687500000000      -0.21283349326556825       -1.3226814349833294        2.3500442504882812     
   2.1875000000000000      -0.23846862554649459       -1.3019638873053523        2.3925781250000000     
   2.2070312500000000      -0.26367225583126014       -1.2784952530138920        2.4354934692382812     
   2.2265625000000000      -0.28839020256727482       -1.2522305509423504        2.4787902832031250     
   2.2460937500000000      -0.31256746830531212       -1.2231312766454070        2.5224685668945312     
   2.2656250000000000      -0.33614837096408767       -1.1911658900292126        2.5665283203125000     
   2.2851562500000000      -0.35907668463145059       -1.1563103039429699        2.6109695434570312     
   2.3046875000000000      -0.38129578989947527       -1.1185483715100111        2.6557922363281250     
   2.3242187500000000      -0.40274883368581027       -1.0778723698195813        2.7009963989257812     
   2.3437500000000000      -0.42337889844565652       -1.0342834774449250        2.7465820312500000     
   2.3632812500000000      -0.44312918062774354      -0.98779224310000657        2.7925491333007812     
   2.3828125000000000      -0.46194317817370939      -0.93841904259746434        2.8388977050781250     
   2.4023437500000000      -0.47976488680344620      -0.88619452112541863        2.8856277465820312     
   2.4218750000000000      -0.49653900476935620      -0.83116001772187742        2.9327392578125000     
   2.4414062500000000      -0.51221114570020321      -0.77336796869408397        2.9802322387695312     
   2.4609375000000000      -0.52672805909050557      -0.71288228660771169        3.0281066894531250     
   2.4804687500000000      -0.54003785792438419      -0.64977871135886789        3.0763626098632812     
   2.5000000000000000      -0.55209025285367841      -0.58414512974201771        3.1250000000000000     
   2.5195312500000000      -0.56283679227922156      -0.51608185984084676        3.1740188598632812     
   2.5390625000000000      -0.57223110761171447      -0.44570189649844710        3.2234191894531250     
   2.5585937500000000      -0.58022916291497006      -0.37313111406978866        3.2732009887695312     
   2.5781250000000000      -0.58678950805977137      -0.29850842262500832        3.3233642578125000     
   2.5976562500000000      -0.59187353444158863      -0.22198587375841056        3.3739089965820312     
   2.6171875000000000      -0.59544573224035136      -0.14372871216704092        3.4248352050781250     
   2.6367187500000000      -0.59747394812583576       -6.3915369196073782E-002   3.4761428833007812     
   2.6562500000000000      -0.59792964223849587        1.7262605392161942E-002   3.5278320312500000     
   2.6757812500000000      -0.59678814320326967        9.9600677081155484E-002   3.5799026489257812     
   2.6953125000000000      -0.59402889986359342       0.18288152923361567        3.6323547363281250     
   2.7148437500000000      -0.58963572835514744       0.26687533808522523        3.6851882934570312     
   2.7343750000000000      -0.58359705307437215       0.35134012330731246        3.7384033203125000     
   2.7539062500000000      -0.57590614003617813       0.43602217713135116        3.7919998168945312     
   2.7734375000000000      -0.56656132105922252       0.52065657477693839        3.8459777832031250     
   2.7929687500000000      -0.55556620716633232       0.60496776863686774        3.9003372192382812     
   2.8125000000000000      -0.54292988954286281       0.68867026834712719        3.9550781250000000     
   2.8320312500000000      -0.52866712635771962       0.77146940850531542        4.0102005004882812     
   2.8515625000000000      -0.51279851372121621       0.85306220539752009        4.0657043457031250     
   2.8710937500000000      -0.49535063903164356       0.93313830365082362        4.1215896606445312     
   2.8906250000000000      -0.47635621494917119        1.0113810132462429        4.1778564453125000     
   2.9101562500000000      -0.45585419223224571        1.0874684368053267        4.2345046997070312     
   2.9296875000000000      -0.43388984967876676        1.1610746865034036        4.2915344238281250     
   2.9492187500000000      -0.41051485943274607        1.2318711893645147        4.3489456176757812     
   2.9687500000000000      -0.38578732594761855        1.2995280790586747        4.4067382812500000     
   2.9882812500000000      -0.35977179694057071        1.3637156716529768        4.4649124145507812     
   3.0078125000000000      -0.33253924472883911        1.4241060220662869        4.5234680175781250     
   3.0273437500000000      -0.30416701640952515        1.4803745572454103        4.5824050903320312     
   3.0468750000000000      -0.27473875142962806        1.5322017813216544        4.6417236328125000     
   3.0664062500000000      -0.24434426519321650        1.5792750472241122        4.7014236450195312     
   3.0859375000000000      -0.21307939746835852        1.6212903884237089        4.7615051269531250     
   3.1054687500000000      -0.18104582448795825        1.6579544036645233        4.8219680786132812     
   3.1250000000000000      -0.14835083378624997        1.6889861867110514        4.8828125000000000     
   3.1445312500000000      -0.11510706097652890        1.7141192923073705        4.9440383911132812     
   3.1640625000000000       -8.1432187855789512E-002   1.7331037287125080        5.0056457519531250     
   3.1835937500000000       -4.7448601418214061E-002   1.7457079663521615        5.0676345825195312     
   3.2031250000000000       -1.3283013571693078E-002   1.7517209513171621        5.1300048828125000     
   3.2226562500000000        2.0933958420587193E-002   1.7509541116510707        5.1927566528320312     
   3.2421875000000000        5.5068250508487779E-002   1.7432433436108867        5.2558898925781250     
   3.2617187500000000        8.8982848910764134E-002   1.7284509643642101        5.3194046020507812     
   3.2812500000000000       0.12253832486493191        1.7064676169119402        5.3833007812500000     
   3.3007812500000000       0.15559340599396454        1.6772141124066242        5.4475784301757812     
   3.3203125000000000       0.18800558291746039        1.6406431944820723        5.5122375488281250     
   3.3398437500000000       0.21963174942961999        1.5967412097292577        5.5772781372070312     
   3.3593750000000000       0.25032887425249073        1.5455296680563702        5.6427001953125000     
   3.3789062500000000       0.27995470205219108        1.4870666763668499        5.7085037231445312     
   3.3984375000000000       0.30836848108013315        1.4214482287879364        5.7746887207031250     
   3.4179687500000000       0.33543171447272052        1.3488093365932898        5.8412551879882812     
   3.4375000000000000       0.36100893191389344        1.2693249809959548        5.9082031250000000     
   3.4570312500000000       0.38496847803769291        1.1832108721514429        5.9755325317382812     
   3.4765625000000000       0.40718331362535842        1.0907239980137045        6.0432434082031250     
   3.4960937500000000       0.42753182533616607       0.99216294713744169        6.1113357543945312     
   3.5156250000000000       0.44589863940621643       0.88786799012615647        6.1798095703125000     
   3.5351562500000000       0.46217543445779075       0.77822090519332732        6.2486648559570312     
   3.5546875000000000       0.47626174828693962       0.66364453424011782        6.3179016113281250     
   3.5742187500000000       0.48806577324197825       0.54460205696193831        6.3875198364257812     
   3.5937500000000000       0.49750513457395190       0.42159597178178299        6.4575195312500000     
   3.6132812500000000       0.50450764593538500       0.29516677387302837        6.5279006958007812     
   3.6328125000000000       0.50901203602924616       0.16589132217937036        6.5986633300781250     
   3.6523437500000000       0.51096864026956723        3.4380889164303818E-002   6.6698074340820312     
   3.6718750000000000       0.51034005121204318       -9.8721110975153958E-002   6.7413330078125000     
   3.6914062500000000       0.50710172145063759      -0.23274171771989546        6.8132400512695312     
   3.7109375000000000       0.50124251265806541      -0.36698134301110164        6.8855285644531250     
   3.7304687500000000       0.49276518447722412      -0.50071701064594731        6.9581985473632812     
   3.7500000000000000       0.48168681705021704      -0.63320591087583533        7.0312500000000000     
   3.7695312500000000       0.46803916110437171      -0.76368926200564902        7.1046829223632812     
   3.7890625000000000       0.45186890970314986      -0.89139646787875781        7.1784973144531250     
   3.8085937500000000       0.43323788601631469       -1.0155495571125392        7.2526931762695312     
   3.8281250000000000       0.41222314177005570       -1.1353678868421337        7.3272705078125000     
   3.8476562500000000       0.38891696140547038       -1.2500730905575477        7.4022293090820312     
   3.8671875000000000       0.36342676740390967       -1.3588942464048828        7.4775695800781250     
   3.8867187500000000       0.33587492273077935       -1.4610732390925321        7.5532913208007812     
   3.9062500000000000       0.30639842690548152       -1.5558702853259685        7.6293945312500000     
   3.9257812500000000       0.27514850282373410       -1.6425695895206991        7.7058792114257812     
   3.9453125000000000       0.24229007213836959       -1.7204850934444900        7.7827453613281250     
   3.9648437500000000       0.20800111774407398       -1.7889662804512905        7.8599929809570312     
   3.9843750000000000       0.17247193270789513       -1.8474039921262209        7.9376220703125000     
   4.0039062500000000       0.13590425583751753       -1.8952362125007189        8.0156326293945312     
   4.0234375000000000        9.8510294979328061E-002  -1.9319537725577269        8.0940246582031250     
   4.0429687500000000        6.0511640083483927E-002  -1.9571059255676848        8.1727981567382812     
   4.0625000000000000        2.2138069058075506E-002  -1.9703057419165499        8.2519531250000000     
   4.0820312500000000       -1.6373749547183993E-002  -1.9712352705466010        8.3314895629882812     
   4.1015625000000000       -5.4781651942521076E-002  -1.9596504129685561        8.4114074707031250     
   4.1210937500000000       -9.2839466436219084E-002  -1.9353854550578677        8.4917068481445312     
   4.1406250000000000      -0.13029858548692919       -1.8983572015559791        8.5723876953125000     
   4.1601562500000000      -0.16690961417317177       -1.8485686583940875        8.6534500122070312     
   4.1796875000000000      -0.20242408571727549       -1.7861122086754297        8.7348937988281250     
   4.1992187500000000      -0.23659623365463428       -1.7111722294223428        8.8167190551757812     
   4.2187500000000000      -0.26918480922321852       -1.6240270980429041        8.8989257812500000     
   4.2382812500000000      -0.29995493157428132       -1.5250505399214183        8.9815139770507812     
   4.2578125000000000      -0.32867995748507073       -1.4147122716053437        9.0644836425781250     
   4.2773437500000000      -0.35514335640031691       -1.2935778977612780        9.1478347778320312     
   4.2968750000000000      -0.37914057585372729       -1.1623080244114281        9.2315673828125000     
   4.3164062500000000      -0.40048088163618417       -1.0216565559404260        9.3156814575195312     
   4.3359375000000000      -0.41898915649624746      -0.87246814897444236        9.4001770019531250     
   4.3554687500000000      -0.43450764069317677      -0.71567480246711879        9.4850540161132812     
   4.3750000000000000      -0.44689759738492824      -0.55229157015896113        9.5703125000000000     
   4.3945312500000000      -0.45604088563489642      -0.38341138897954885        9.6559524536132812     
   4.4140625000000000      -0.46184142377234555      -0.21019902489784587        9.7419738769531250     
   4.4335937500000000      -0.46422652595249403       -3.3884146149054384E-002   9.8283767700195312     
   4.4531250000000000      -0.46314809504206972       0.14424645737796565        9.9151611328125000     
   4.4726562500000000      -0.45858365541268248       0.32285748058432950        10.002326965332031     
   4.4921875000000000      -0.45053720986407014       0.50057449790676967        10.089874267578125     
   4.5117187500000000      -0.43903990572717483       0.67599409910044084        10.177803039550781     
   4.5312500000000000      -0.42415049621643525       0.84769470893265975        10.266113281250000     
   4.5507812500000000      -0.40595558431314954        1.0142480237719891        10.354804992675781     
   4.5703125000000000      -0.38456963786680315        1.1742309882448263        10.443878173828125     
   4.5898437500000000      -0.36013476619627555        1.3262382255084622        10.533332824707031     
   4.6093750000000000      -0.33282025025300466        1.4688948253734089        10.623168945312500     
   4.6289062500000000      -0.30282182036630068        1.6008693856217584        10.713386535644531     
   4.6484375000000000      -0.27036067771742978        1.7208871935395116        10.803985595703125     
   4.6679687500000000      -0.23568225797167860        1.8277434270391169        10.894966125488281     
   4.6875000000000000      -0.19905473792166181        1.9203162479252025        10.986328125000000     
   4.7070312500000000      -0.16076728854337635        1.9975796539829365        11.078071594238281     
   4.7265625000000000      -0.12112808051911977        2.0586159517741902        11.170196533203125     
   4.7460937500000000       -8.0462051016052319E-002   2.1026277084378906        11.262702941894531     
   4.7656250000000000       -3.9108443301160631E-002   2.1289490385285599        11.355590820312500     
   4.7851562500000000        2.5818664043590969E-003   2.1370560811048644        11.448860168457031     
   4.8046875000000000        4.4249237604906587E-002   2.1265765230026967        11.542510986328125     
   4.8242187500000000        8.5528309724698978E-002   2.0972980265884575        11.636543273925781     
   4.8437500000000000       0.12605119906605730        2.0491754243681584        11.730957031250000     
   4.8632812500000000       0.16545082314786494        1.9823365486919238        11.825752258300781     
   4.8828125000000000       0.20336432453914083        1.8970865724894395        11.920928955078125     
   4.9023437500000000       0.23943656396998075        1.7939107465287578        12.016487121582031     
   4.9218750000000000       0.27332365037436190        1.6734754301166066        12.112426757812500     
   4.9414062500000000       0.30469647363287700        1.5366273254382723        12.208747863769531     
   4.9609375000000000       0.33324420417423595        1.3843908408304417        12.305450439453125     
   4.9804687500000000       0.35867772229722000        1.2179635251267895        12.402534484863281     
   5.0000000000000000       0.38073293912304612        1.0387095337227628        12.500000000000000     
   5.0195312500000000       0.39917397051311915       0.84815110705473606        12.597846984863281     
   5.0390625000000000       0.41379612511764735       0.64795806363345509        12.696075439453125     
   5.0585937500000000       0.42442866798218498       0.43993533243839383        12.794685363769531     
   5.0781250000000000       0.43093732185378036       0.22600857316651338        12.893676757812500     
   5.0976562500000000       0.43322646951377852        8.2079573069419876E-003   12.993049621582031     
   5.1171875000000000       0.43124102213345405      -0.21134979197275008        13.092803955078125     
   5.1367187500000000       0.42496792080930873      -0.43048097787238271        13.192939758300781     
   5.1562500000000000       0.41443724108914515      -0.64695597745596012        13.293457031250000     
   5.1757812500000000       0.39972287344391261      -0.85852158526162548        13.394355773925781     
   5.1953125000000000       0.38094275626332003       -1.0629244555381565        13.495635986328125     
   5.2148437500000000       0.35825864203807012       -1.2579354225338693        13.597297668457031     
   5.2343750000000000       0.33187538191401417       -1.4413744566010216        13.699340820312500     
   5.2539062500000000       0.30203971873213242       -1.6111359940098311        13.801765441894531     
   5.2734375000000000       0.26903858396435415       -1.7652143606610089        13.904571533203125     
   5.2929687500000000       0.23319689957299933       -1.9017289947100025        14.007759094238281     
   5.3125000000000000       0.19487489170814348       -2.0189491608259953        14.111328125000000     
   5.3320312500000000       0.15446492925276117       -2.1153178397447641        14.215278625488281     
   5.3515625000000000       0.11238790646392106       -2.1894744712559810        14.319610595703125     
   5.3710937500000000        6.9089195267438008E-002  -2.2402762270842391        14.424324035644531     
   5.3906250000000000        2.5034199065708529E-002  -2.2668174925370126        14.529418945312500     
   5.4101562500000000       -1.9296453868222527E-002  -2.2684472425202356        14.634895324707031     
   5.4296875000000000       -6.3412033299006326E-002  -2.2447840087355746        14.740753173828125     
   5.4492187500000000      -0.10681709635397249       -2.1957281506935522        14.846992492675781     
   5.4687500000000000      -0.14901708795914928       -2.1214711636670982        14.953613281250000     
   5.4882812500000000      -0.18952409210681653       -2.0225017818723825        15.060615539550781     
   5.5078125000000000      -0.22786266923782630       -1.8996086649328234        15.167999267578125     
   5.5273437500000000      -0.26357571121007817       -1.7538794899225685        15.275764465332031     
   5.5468750000000000      -0.29623024222350897       -1.5866963097886890        15.383911132812500     
   5.5664062500000000      -0.32542309176235040       -1.3997270814326412        15.492439270019531     
   5.5859375000000000      -0.35078636417151732       -1.1949133128305176        15.601348876953125     
   5.6054687500000000      -0.37199262897232677      -0.97445382785112988        15.710639953613281     
   5.6250000000000000      -0.38875975650053929      -0.74078469937869817        15.820312500000000     
   5.6445312500000000      -0.40085532496347193      -0.49655545537789642        15.930366516113281     
   5.6640625000000000      -0.40810052759706045      -0.24460171799942143        16.040802001953125     
   5.6835937500000000      -0.41037351227924812        1.2085508003245149E-002   16.151618957519531     
   5.7031250000000000      -0.40761209072937832       0.27039362516491122        16.262817382812500     
   5.7226562500000000      -0.39981576028517485       0.52712498390166806        16.374397277832031     
   5.7421875000000000      -0.38704698817374078       0.77903579272287837        16.486358642578125     
   5.7617187500000000      -0.36943171613797776        1.0228769661414083        16.598701477050781     
   5.7812500000000000      -0.34715905218451920        1.2554364310705652        16.711425781250000     
   5.8007812500000000      -0.32048012600549214        1.4735823696637147        16.824531555175781     
   5.8203125000000000      -0.28970609519826418        1.6743068390788023        16.938018798828125     
   5.8398437500000000      -0.25520530065153185        1.8547691774094970        17.051887512207031     
   5.8593750000000000      -0.21739958125269745        2.0123385808501704        17.166137695312500     
   5.8789062500000000      -0.17675977025478018        2.1446352208282105        17.280769348144531     
   5.8984375000000000      -0.13380040806098967        2.2495692620445196        17.395782470703125     
   5.9179687500000000       -8.9073718668627996E-002   2.3253771437208379        17.511177062988281     
   5.9375000000000000       -4.3162909377360822E-002   2.3706544973630206        17.626953125000000     
   5.9570312500000000        3.3251345823375605E-003   2.3843850953923575        17.743110656738281     
   5.9765625000000000        4.9767677305158464E-002   2.3659652563150559        17.859649658203125     
   5.9960937500000000        9.5534387329344772E-002   2.3152231737853683        17.976570129394531     
   6.0156250000000000       0.13999591668395395        2.2324326889008010        18.093872070312500     
   6.0351562500000000       0.18253269113405962        2.1183210871068225        18.211555480957031     
   6.0546875000000000       0.22254379140225838        1.9740705727628249        18.329620361328125     
   6.0742187500000000       0.25945579914344097        1.8013131551259227        18.448066711425781     
   6.0937500000000000       0.29273147710661285        1.6021187684535847        18.566894531250000     
   6.1132812500000000       0.32187815038429080        1.3789765451340341        18.686103820800781     
   6.1328125000000000       0.34645565505750764        1.1347692630681687        18.805694580078125     
   6.1523437500000000       0.36608372199927403       0.87274109561893243        18.925666809082031     
   6.1718750000000000       0.38044866718046033       0.59645890282290914        19.046020507812500     
   6.1914062500000000       0.38930926557788825       0.30976741458755502        19.166755676269531     
   6.2109375000000000       0.39250169373012628        1.6738768511955493E-002   19.287872314453125     
   6.2304687500000000       0.38994343610172288      -0.27838302509942536        19.409370422363281     
   6.2500000000000000       0.38163606264372202      -0.57124201245924489        19.531250000000000     
   6.2695312500000000       0.36766679918106310      -0.85743384111117171        19.653511047363281     
   6.2890625000000000       0.34820882838041795       -1.1325720495575879        19.776153564453125     
   6.3085937500000000       0.32352027688048024       -1.3923561487289315        19.899177551269531     
   6.3281250000000000       0.29394186348749052       -1.6326404720084611        20.022583007812500     
   6.3476562500000000       0.25989320390154913       -1.8495027139423883        20.146369934082031     
   6.3671875000000000       0.22186778895883980       -2.0393110366291953        20.270538330078125     
   6.3867187500000000       0.18042667553412620       -2.1987885986391986        20.395088195800781     
   6.4062500000000000       0.13619095170147705       -2.3250743555006257        20.520019531250000     
   6.4257812500000000        8.9833060130108763E-002  -2.4157789943871730        20.645332336425781     
   6.4453125000000000        4.2067085609029428E-002  -2.4690348994547624        20.771026611328125     
   6.4648437500000000       -6.3618663512393300E-003  -2.4835390987846240        20.897102355957031     
   6.4843750000000000       -5.4689053105330017E-002  -2.4585882192312485        21.023559570312500     
   6.5039062500000000      -0.10214207580081647       -2.3941045714107672        21.150398254394531     
   6.5234375000000000      -0.14795327675740083       -2.2906526029704852        21.277618408203125     
   6.5429687500000000      -0.19137235881619824       -2.1494450931222491        21.405220031738281     
   6.5625000000000000      -0.23167902139353680       -1.9723386137597394        21.533203125000000     
   6.5820312500000000      -0.26819540032099398       -1.7618179504628491        21.661567687988281     
   6.6015625000000000      -0.30029809431650933       -1.5209693580724024        21.790313720703125     
   6.6210937500000000      -0.32742956034690363       -1.2534427176661609        21.919441223144531     
   6.6406250000000000      -0.34910866339168450      -0.96340286169888123        22.048950195312500     
   6.6601562500000000      -0.36494017332187018      -0.65547053848323400        22.178840637207031     
   6.6796875000000000      -0.37462301281870647      -0.33465369250856036        22.309112548828125     
   6.6992187500000000      -0.37795707545648122       -6.2699395232211907E-003   22.439765930175781     
   6.7187500000000000      -0.37484845216619667       0.32413868911462052        22.570800781250000     
   6.7382812500000000      -0.36531292710935842       0.65089747363461259        22.702217102050781     
   6.7578125000000000      -0.34947763027086537       0.96829577570892245        22.834014892578125     
   6.7773437500000000      -0.32758076349520637        1.2706872713429580        22.966194152832031     
   6.7968750000000000      -0.29996934883215937        1.5525919392926169        23.098754882812500     
   6.8164062500000000      -0.26709498244487939        1.8087979960831957        23.231697082519531     
   6.8359375000000000      -0.22950761341464201        2.0344618970756359        23.365020751953125     
   6.8554687500000000      -0.18784740394167276        2.2252044840899798        23.498725891113281     
   6.8750000000000000      -0.14283476502739945        2.3772013562725292        23.632812500000000     
   6.8945312500000000       -9.5258699025253440E-002   2.4872655740329641        23.767280578613281     
   6.9140625000000000       -4.5963616729964019E-002   2.5529208771908634        23.902130126953125     
   6.9335937500000000        4.1651688125713682E-003   2.5724637084638440        24.037361145019531     
   6.9531250000000000        5.4217037605564740E-002   2.5450124818509323        24.172973632812500     
   6.9726562500000000       0.10327248422186724        2.4705427212663684        24.308967590332031     
   6.9921875000000000       0.15042007791393736        2.3499069160888015        24.445343017578125     
   7.0117187500000000       0.19477365358963944        2.1848381944030875        24.582099914550781     
   7.0312500000000000       0.23548941109306470        1.9779371980943232        24.719238281250000     
   7.0507812500000000       0.27178259117855197        1.7326418522728808        24.856758117675781     
   7.0703125000000000       0.30294339373972939        1.4531800496745801        24.994659423828125     
   7.0898437500000000       0.32835180758585064        1.1445056129082436        25.132942199707031     
   7.1093750000000000       0.34749103155804079       0.81221824731970760        25.271606445312500     
   7.1289062500000000       0.35995918413134315       0.46246854790429692        25.410652160644531     
   7.1484375000000000       0.36547902279888306       0.10184946783657967        25.550079345703125     
   7.1679687500000000       0.36390542528111242      -0.26272401374924481        25.689888000488281     
   7.1875000000000000       0.35523042159638923      -0.62414497875318775        25.830078125000000     
   7.2070312500000000       0.33958560877036037      -0.97525208687651688        25.970649719238281     
   7.2265625000000000       0.31724182780568377       -1.3089719548163157        26.111602783203125     
   7.2460937500000000       0.28860603469527862       -1.6184636318397758        26.252937316894531     
   7.2656250000000000       0.25421535282570074       -1.8972622570101381        26.394653320312500     
   7.2851562500000000       0.21472835204911223       -2.1394188902986140        26.536750793457031     
   7.3046875000000000       0.17091365886837781       -2.3396334771145426        26.679229736328125     
   7.3242187500000000       0.12363606136452629       -2.4933779370246891        26.822090148925781     
   7.3437500000000000        7.3840330425025857E-002  -2.5970064649855353        26.965332031250000     
   7.3632812500000000        2.2533034197607799E-002  -2.6478502982965124        27.108955383300781     
   7.3828125000000000       -2.9237325815443346E-002  -2.6442944342566062        27.252960205078125     
   7.4023437500000000       -8.0401482283237014E-002  -2.5858340801995801        27.397346496582031     
   7.4218750000000000      -0.12989145853044032       -2.4731089756487483        27.542114257812500     
   7.4414062500000000      -0.17666306694769396       -2.3079141406439931        27.687263488769531     
   7.4609375000000000      -0.21971837851490089       -2.0931860681723395        27.832794189453125     
   7.4804687500000000      -0.25812767832176053       -1.8329638839147173        27.978706359863281     
   7.5000000000000000      -0.29105041786434838       -1.5323255336633776        28.125000000000000     
   7.5195312500000000      -0.31775468150647584       -1.1972996169929904        28.271675109863281     
   7.5390625000000000      -0.33763470211785857      -0.83475405326321361        28.418731689453125     
   7.5585937500000000      -0.35022598959629070      -0.45226333014566977        28.566169738769531     
   7.5781250000000000      -0.35521767555360129       -5.7956632387486495E-002   28.713989257812500     
   7.5976562500000000      -0.35246172743926024       0.33965033405568351        28.862190246582031     
   7.6171875000000000      -0.34197874507120557       0.73183653354235223        29.010772705078125     
   7.6367187500000000      -0.32396012096044702        1.1098661018174212        29.159736633300781     
   7.6562500000000000      -0.29876642172361767        1.4651841025521959        29.309082031250000     
   7.6757812500000000      -0.26692192981166374        1.7896132178684379        29.458808898925781     
   7.6953125000000000      -0.22910537106884027        2.0755468745884196        29.608917236328125     
   7.7148437500000000      -0.18613694241927842        2.3161342301746353        29.759407043457031     
   7.7343750000000000      -0.13896184325926561        2.5054524699233771        29.910278320312500     
   7.7539062500000000       -8.8630601809638415E-002   2.6386620040859365        30.061531066894531     
   7.7734375000000000       -3.6276571595174903E-002   2.7121404018604767        30.213165283203125     
   7.7929687500000000        1.6908948799090905E-002   2.7235912576208601        30.365180969238281     
   7.8125000000000000        6.9703449610165863E-002   2.6721246495433175        30.517578125000000     
   7.8320312500000000       0.12088121446499647        2.5583064153421908        30.670356750488281     
   7.8515625000000000       0.16924196473907610        2.3841741246962869        30.823516845703125     
   7.8710937500000000       0.21363947844508843        2.1532183609682125        30.977058410644531     
   7.8906250000000000       0.25300949898754826        1.8703287212494528        31.130981445312500     
   7.9101562500000000       0.28639624575359240        1.5417047865299955        31.285285949707031     
   7.9296875000000000       0.31297685190319491        1.1747331837994683        31.439971923828125     
   7.9492187500000000       0.33208308520591862       0.77783273840849287        31.595039367675781     
   7.9687500000000000       0.34321975526045034       0.36027057614073948        31.750488281250000     
   7.9882812500000000       0.34607927440668923       -6.8047142422954232E-002   31.906318664550781     
   8.0078125000000000       0.34055191913380517      -0.49680541024045383        32.062530517578125     
   8.0273437500000000       0.32673143239716518      -0.91552636035923562        32.219123840332031     
   8.0468750000000000       0.30491571315313093       -1.3138253508350757        32.376098632812500     
   8.0664062500000000       0.27560245537646377       -1.6816709963900676        32.533454895019531     
   8.0859375000000000       0.23947972225482361       -2.0096426841407529        32.691192626953125     
   8.1054687500000000       0.19741156926516576       -2.2891789546982171        32.849311828613281     
   8.1250000000000000       0.15041895928818100       -2.5128101397725362        33.007812500000000     
   8.1445312500000000        9.9656340495252141E-002  -2.6743688300548949        33.166694641113281     
   8.1640625000000000        4.6384380039275509E-002  -2.7691721052629967        33.325958251953125     
   8.1835937500000000       -8.0605398198488748E-003  -2.7941699898923336        33.485603332519531     
   8.2031250000000000       -6.2299354954099315E-002  -2.7480552967153682        33.645629882812500     
   8.2226562500000000      -0.11494508738243620       -2.6313308738690377        33.806037902832031     
   8.2421875000000000      -0.16463848515105567       -2.4463312641481547        33.966827392578125     
   8.2617187500000000      -0.21008362342648396       -2.1971968959841637        34.127998352050781     
   8.2812500000000000      -0.25008253105694667       -1.8898001294093383        34.289550781250000     
   8.3007812500000000      -0.28356790595318365       -1.5316237482089659        34.451484680175781     
   8.3203125000000000      -0.30963300686685802       -1.1315937894344654        34.613800048828125     
   8.3398437500000000      -0.32755785879617116      -0.69986989907558506        34.776496887207031     
   8.3593750000000000      -0.33683098392873312      -0.24759766200487515        34.939575195312500     
   8.3789062500000000      -0.33716596863562798       0.21337146126497669        35.103034973144531     
   8.3984375000000000      -0.32851229774022400       0.67078588511140680        35.266876220703125     
   8.4179687500000000      -0.31106002758866846        1.1123177031599085        35.431098937988281     
   8.4375000000000000      -0.28523802617881766        1.5258961634569683        35.595703125000000     
   8.4570312500000000      -0.25170567799741439        1.9000418885319719        35.760688781738281     
   8.4765625000000000      -0.21133812899250776        2.2241926021923852        35.926055908203125     
   8.4960937500000000      -0.16520532857316544        2.4890110618763024        36.091804504394531     
   8.5156250000000000      -0.11454530568410171        2.6866660937631095        36.257934570312500     
   8.5351562500000000       -6.0732289681136267E-002   2.8110780927883479        36.424446105957031     
   8.5546875000000000       -5.2404487384387355E-003   2.8581210788731992        36.591339111328125     
   8.5742187500000000        5.0395836223580737E-002   2.8257743838818339        36.758613586425781     
   8.5937500000000000       0.10462412038768486        2.7142182629582465        36.926269531250000     
   8.6132812500000000       0.15591732716355053        2.5258691530844248        37.094306945800781     
   8.6328125000000000       0.20281725598309397        2.2653519076633177        37.262725830078125     
   8.6523437500000000       0.24397692283756128        1.9394080786153503        37.431526184082031     
   8.6718750000000000       0.27820049030229577        1.5567411509401465        37.600708007812500     
   8.6914062500000000       0.30447957975747714        1.1278015081880022        37.770271301269531     
   8.7109375000000000       0.32202483101838769       0.66451576656184819        37.940216064453125     
   8.7304687500000000       0.33029168281136195       0.17996690416522965        38.110542297363281     
   8.7500000000000000       0.32899948954047425      -0.31196672643504669        38.281250000000000     
   8.7695312500000000       0.31814326255763642      -0.79700393498514988        38.452339172363281     
   8.7890625000000000       0.29799752359419529       -1.2608739678448231        38.623809814453125     
   8.8085937500000000       0.26911197907897427       -1.6897387456039399        38.795661926269531     
   8.8281250000000000       0.23229896083615229       -2.0706116502696230        38.967895507812500     
   8.8476562500000000       0.18861282448749750       -2.3917601642037423        39.140510559082031     
   8.8671875000000000       0.13932174459319346       -2.6430797573846014        39.313507080078125     
   8.8867187500000000        8.5872587624115496E-002  -2.8164269046455952        39.486885070800781     
   8.9062500000000000        2.9849772610766434E-002  -2.9058999908227841        39.660644531250000     
   8.9257812500000000       -2.7070762785679811E-002  -2.9080581174533138        39.834785461425781     
   8.9453125000000000       -8.3171193180468284E-002  -2.8220694355336278        40.009307861328125     
   8.9648437500000000      -0.13674359054094723       -2.6497825582648957        40.184211730957031     
   8.9843750000000000      -0.18614231582358851       -2.3957168073266328        40.359497070312500     
   9.0039062500000000      -0.22983540989543513       -2.0669694569145247        40.535163879394531     
   9.0234375000000000      -0.26645336538886694       -1.6730406930811612        40.711212158203125     
   9.0429687500000000      -0.29483370071254678       -1.2255796257710347        40.887641906738281     
   9.0625000000000000      -0.31405984817366717      -0.73805729582071078        41.064453125000000     
   9.0820312500000000      -0.32349300894104838      -0.22537512452216646        41.241645812988281     
   9.1015625000000000      -0.32279581561864934       0.29658042587857425        41.419219970703125     
   9.1210937500000000      -0.31194687408639243       0.81142415879025842        41.597175598144531     
   9.1406250000000000      -0.29124552401395948        1.3027848860606248        41.775512695312500     
   9.1601562500000000      -0.26130645463937802        1.7548287810238130        41.954231262207031     
   9.1796875000000000      -0.22304413034927872        2.1527766935638786        42.133331298828125     
   9.1992187500000000      -0.17764730960291047        2.4833984747024984        42.312812805175781     
   9.2187500000000000      -0.12654427036789151        2.7354676021522595        42.492675781250000     
   9.2382812500000000       -7.1359674619745017E-002   2.9001602033822733        42.672920227050781     
   9.2578125000000000       -1.3864302660830372E-002   2.9713839336783079        42.853546142578125     
   9.2773437500000000        4.4080845611837324E-002   2.9460240590917048        43.034553527832031     
   9.2968750000000000       0.10058436080294465        2.8240964746404247        43.215942382812500     
   9.3164062500000000       0.15378625000823934        2.6088001947673760        43.397712707519531     
   9.3359375000000000       0.20191976779215140        2.3064650068003809        43.579864501953125     
   9.3554687500000000       0.24337119004633895        1.9263933846647330        43.762397766113281     
   9.3750000000000000       0.27673548555947108        1.4805993123568517        43.945312500000000     
   9.3945312500000000       0.30086592692677394       0.98345024813554882        44.128608703613281     
   9.4140625000000000       0.31491583846640470       0.45122194855834419        44.312286376953125     
   9.4335937500000000       0.31837090105124410       -9.8420857962456143E-002   44.496345520019531     
   9.4531250000000000       0.31107071675972303      -0.64700202741482127        44.680786132812500     
   9.4726562500000000       0.29321867222655879       -1.1758513892298086        44.865608215332031     
   9.4921875000000000       0.26537951861752823       -1.6667416532193871        45.050811767578125     
   9.5117187500000000       0.22846449646162814       -2.1025232485191037        45.236396789550781     
   9.5312500000000000       0.18370426180578198       -2.4677349535816453        45.422363281250000     
   9.5507812500000000       0.13261030183610770       -2.7491683835137652        45.608711242675781     
   9.5703125000000000        7.6925948098646987E-002  -2.9363653915950869        45.795440673828125     
   9.5898437500000000        1.8568488468750546E-002  -3.0220292093552072        45.982551574707031     
   9.6093750000000000       -4.0435769821673337E-002  -3.0023326595052802        46.170043945312500     
   9.6289062500000000       -9.8021338416296538E-002  -2.8771099653942622        46.357917785644531     
   9.6484375000000000      -0.15215591248799268       -2.6499224592710959        46.546173095703125     
   9.6679687500000000      -0.20091273845863028       -2.3279927440634891        46.734809875488281     
   9.6875000000000000      -0.24254039949351847       -1.9220064521371836        46.923828125000000     
   9.7070312500000000      -0.27552746319895116       -1.4457855141078511        47.113227844238281     
   9.7265625000000000      -0.29865955923013876      -0.91584163277133546        47.303009033203125     
   9.7460937500000000      -0.31106666988574083      -0.35082327582966866        47.493171691894531     
   9.7656250000000000      -0.31225871930177862       0.22912622048946663        47.683715820312500     
   9.7851562500000000      -0.30214792822956615       0.80307807784799612        47.874641418457031     
   9.8046875000000000      -0.28105685002125053        1.3500705766418792        48.065948486328125     
   9.8242187500000000      -0.24971150485255003        1.8498778897483632        48.257637023925781     
   9.8437500000000000      -0.20921956638209510        2.2837671475349937        48.449707031250000     
   9.8632812500000000      -0.16103410901685211        2.6352152828995963        48.642158508300781     
   9.8828125000000000      -0.10690397444121930        2.8905579157065415        48.834991455078125     
   9.9023437500000000       -4.8812342193071734E-002   3.0395443179209427        49.028205871582031     
   9.9218750000000000        1.1094429870308328E-002   3.0757753245486663        49.221801757812500     
   9.9414062500000000        7.0585213104426975E-002   2.9970048504337394        49.415779113769531     
   9.9609375000000000       0.12742694796372633        2.8052903279966590        49.610137939453125     
   9.9804687500000000       0.17946886520518640        2.5069827473231703        49.804878234863281     
